t[s]          U[mV]
 0             4044 
 1             4038 
 2             4035 
 3             4032 
 4             4029 
 5             4026 
 6             4023 
 7             4023 
 8             4020 
 9             4017 
 10            4017 
 11            4014 
 12            4014 
 13            4011 
 14            4011 
 15            4008 
 16            4008 
 17            4005 
 18            4005 
 19            4005 
 20            4002 
 21            4002 
 22            4002 
 23            3999 
 24            3999 
 25            3999 
 26            3999 
 27            3996 
 28            3996 
 29            3996 
 30            3996 
 31            3993 
 32            3993 
 33            3993 
 34            3993 
 35            3990 
 36            3990 
 37            3990 
 38            3990 
 39            3987 
 40            3987 
 41            3987 
 42            3987 
 43            3987 
 44            3984 
 45            3984 
 46            3984 
 47            3984 
 48            3984 
 49            3984 
 50            3981 
 51            3981 
 52            3981 
 53            3981 
 54            3981 
 55            3981 
 56            3978 
 57            3978 
 58            3978 
 59            3978 
 60            3978 
 61            3978 
 62            3975 
 63            3978 
 64            3975 
 65            3975 
 66            3975 
 67            3975 
 68            3975 
 69            3972 
 70            3972 
 71            3972 
 72            3972 
 73            3969 
 74            3969 
 75            3969 
 76            3969 
 77            3969 
 78            3969 
 79            3966 
 80            3966 
 81            3966 
 82            3966 
 83            3966 
 84            3966 
 85            3963 
 86            3963 
 87            3963 
 88            3960 
 89            3960 
 90            3960 
 91            3960 
 92            3960 
 93            3957 
 94            3957 
 95            3957 
 96            3957 
 97            3957 
 98            3957 
 99            3954 
 100           3954 
 101           3954 
 102           3951 
 103           3951 
 104           3951 
 105           3951 
 106           3951 
 107           3948 
 108           3948 
 109           3948 
 110           3948 
 111           3948 
 112           3945 
 113           3945 
 114           3945 
 115           3945 
 116           3942 
 117           3942 
 118           3942 
 119           3942 
 120           3942 
 121           3939 
 122           3939 
 123           3939 
 124           3939 
 125           3936 
 126           3936 
 127           3936 
 128           3936 
 129           3936 
 130           3933 
 131           3933 
 132           3933 
 133           3933 
 134           3930 
 135           3930 
 136           3930 
 137           3930 
 138           3930 
 139           3927 
 140           3927 
 141           3927 
 142           3927 
 143           3927 
 144           3924 
 145           3924 
 146           3924 
 147           3924 
 148           3924 
 149           3921 
 150           3921 
 151           3921 
 152           3921 
 153           3921 
 154           3918 
 155           3918 
 156           3918 
 157           3918 
 158           3918 
 159           3918 
 160           3915 
 161           3915 
 162           3915 
 163           3915 
 164           3915 
 165           3912 
 166           3912 
 167           3912 
 168           3912 
 169           3912 
 170           3912 
 171           3912 
 172           3909 
 173           3909 
 174           3909 
 175           3909 
 176           3909 
 177           3909 
 178           3906 
 179           3906 
 180           3906 
 181           3906 
 182           3906 
 183           3903 
 184           3903 
 185           3903 
 186           3903 
 187           3903 
 188           3903 
 189           3903 
 190           3900 
 191           3900 
 192           3900 
 193           3900 
 194           3900 
 195           3900 
 196           3900 
 197           3897 
 198           3897 
 199           3897 
 200           3897 
 201           3897 
 202           3897 
 203           3894 
 204           3894 
 205           3894 
 206           3894 
 207           3894 
 208           3894 
 209           3894 
 210           3891 
 211           3891 
 212           3891 
 213           3891 
 214           3891 
 215           3891 
 216           3891 
 217           3888 
 218           3888 
 219           3888 
 220           3888 
 221           3888 
 222           3888 
 223           3885 
 224           3885 
 225           3885 
 226           3885 
 227           3885 
 228           3885 
 229           3885 
 230           3885 
 231           3885 
 232           3885 
 233           3882 
 234           3882 
 235           3882 
 236           3882 
 237           3882 
 238           3882 
 239           3879 
 240           3882 
 241           3879 
 242           3879 
 243           3879 
 244           3879 
 245           3879 
 246           3879 
 247           3876 
 248           3876 
 249           3876 
 250           3876 
 251           3876 
 252           3876 
 253           3876 
 254           3876 
 255           3873 
 256           3873 
 257           3873 
 258           3873 
 259           3873 
 260           3873 
 261           3873 
 262           3873 
 263           3873 
 264           3873 
 265           3870 
 266           3870 
 267           3870 
 268           3870 
 269           3870 
 270           3870 
 271           3870 
 272           3867 
 273           3870 
 274           3867 
 275           3867 
 276           3867 
 277           3867 
 278           3867 
 279           3864 
 280           3864 
 281           3867 
 282           3864 
 283           3864 
 284           3864 
 285           3864 
 286           3864 
 287           3864 
 288           3861 
 289           3864 
 290           3864 
 291           3861 
 292           3861 
 293           3861 
 294           3861 
 295           3861 
 296           3861 
 297           3861 
 298           3858 
 299           3858 
 300           3858 
 301           3858 
 302           3858 
 303           3858 
 304           3858 
 305           3858 
 306           3858 
 307           3858 
 308           3855 
 309           3855 
 310           3855 
 311           3855 
 312           3855 
 313           3855 
 314           3855 
 315           3852 
 316           3852 
 317           3852 
 318           3852 
 319           3852 
 320           3852 
 321           3852 
 322           3852 
 323           3849 
 324           3849 
 325           3849 
 326           3849 
 327           3849 
 328           3849 
 329           3849 
 330           3849 
 331           3846 
 332           3846 
 333           3846 
 334           3846 
 335           3846 
 336           3846 
 337           3846 
 338           3846 
 339           3846 
 340           3843 
 341           3843 
 342           3843 
 343           3843 
 344           3843 
 345           3843 
 346           3840 
 347           3843 
 348           3840 
 349           3840 
 350           3840 
 351           3840 
 352           3840 
 353           3837 
 354           3840 
 355           3837 
 356           3837 
 357           3837 
 358           3837 
 359           3837 
 360           3837 
 361           3837 
 362           3834 
 363           3834 
 364           3834 
 365           3834 
 366           3834 
 367           3834 
 368           3834 
 369           3834 
 370           3834 
 371           3834 
 372           3834 
 373           3831 
 374           3831 
 375           3831 
 376           3831 
 377           3831 
 378           3831 
 379           3828 
 380           3831 
 381           3828 
 382           3828 
 383           3828 
 384           3828 
 385           3828 
 386           3828 
 387           3825 
 388           3825 
 389           3825 
 390           3825 
 391           3825 
 392           3825 
 393           3825 
 394           3825 
 395           3825 
 396           3825 
 397           3822 
 398           3822 
 399           3822 
 400           3822 
 401           3822 
 402           3822 
 403           3822 
 404           3822 
 405           3819 
 406           3819 
 407           3819 
 408           3819 
 409           3819 
 410           3819 
 411           3819 
 412           3819 
 413           3816 
 414           3816 
 415           3816 
 416           3816 
 417           3816 
 418           3816 
 419           3816 
 420           3816 
 421           3816 
 422           3816 
 423           3816 
 424           3813 
 425           3813 
 426           3813 
 427           3813 
 428           3813 
 429           3813 
 430           3813 
 431           3810 
 432           3810 
 433           3810 
 434           3810 
 435           3810 
 436           3810 
 437           3810 
 438           3810 
 439           3810 
 440           3810 
 441           3807 
 442           3807 
 443           3807 
 444           3807 
 445           3807 
 446           3807 
 447           3807 
 448           3807 
 449           3807 
 450           3807 
 451           3804 
 452           3804 
 453           3804 
 454           3804 
 455           3804 
 456           3804 
 457           3804 
 458           3804 
 459           3801 
 460           3801 
 461           3801 
 462           3801 
 463           3801 
 464           3801 
 465           3801 
 466           3801 
 467           3798 
 468           3798 
 469           3798 
 470           3798 
 471           3798 
 472           3798 
 473           3795 
 474           3798 
 475           3798 
 476           3795 
 477           3798 
 478           3795 
 479           3795 
 480           3795 
 481           3795 
 482           3795 
 483           3795 
 484           3795 
 485           3792 
 486           3792 
 487           3792 
 488           3792 
 489           3792 
 490           3792 
 491           3792 
 492           3792 
 493           3792 
 494           3792 
 495           3789 
 496           3789 
 497           3789 
 498           3789 
 499           3789 
 500           3789 
 501           3789 
 502           3789 
 503           3786 
 504           3786 
 505           3786 
 506           3786 
 507           3786 
 508           3786 
 509           3786 
 510           3783 
 511           3783 
 512           3783 
 513           3786 
 514           3783 
 515           3783 
 516           3783 
 517           3783 
 518           3783 
 519           3783 
 520           3783 
 521           3780 
 522           3780 
 523           3780 
 524           3780 
 525           3780 
 526           3780 
 527           3780 
 528           3777 
 529           3777 
 530           3780 
 531           3777 
 532           3777 
 533           3777 
 534           3777 
 535           3777 
 536           3777 
 537           3774 
 538           3777 
 539           3774 
 540           3774 
 541           3774 
 542           3774 
 543           3774 
 544           3774 
 545           3774 
 546           3774 
 547           3774 
 548           3774 
 549           3771 
 550           3771 
 551           3771 
 552           3771 
 553           3771 
 554           3771 
 555           3771 
 556           3771 
 557           3771 
 558           3768 
 559           3768 
 560           3768 
 561           3768 
 562           3768 
 563           3768 
 564           3768 
 565           3768 
 566           3765 
 567           3765 
 568           3765 
 569           3765 
 570           3765 
 571           3765 
 572           3765 
 573           3765 
 574           3765 
 575           3765 
 576           3762 
 577           3762 
 578           3762 
 579           3762 
 580           3762 
 581           3762 
 582           3762 
 583           3762 
 584           3762 
 585           3762 
 586           3759 
 587           3759 
 588           3762 
 589           3759 
 590           3759 
 591           3759 
 592           3759 
 593           3759 
 594           3759 
 595           3759 
 596           3756 
 597           3759 
 598           3759 
 599           3756 
 600           3756 
 601           3756 
 602           3756 
 603           3756 
 604           3756 
 605           3756 
 606           3756 
 607           3756 
 608           3753 
 609           3753 
 610           3753 
 611           3753 
 612           3753 
 613           3753 
 614           3753 
 615           3753 
 616           3753 
 617           3753 
 618           3753 
 619           3753 
 620           3753 
 621           3750 
 622           3750 
 623           3750 
 624           3750 
 625           3750 
 626           3750 
 627           3750 
 628           3750 
 629           3747 
 630           3750 
 631           3750 
 632           3747 
 633           3747 
 634           3747 
 635           3747 
 636           3747 
 637           3747 
 638           3747 
 639           3747 
 640           3747 
 641           3744 
 642           3747 
 643           3744 
 644           3744 
 645           3744 
 646           3744 
 647           3744 
 648           3744 
 649           3744 
 650           3744 
 651           3744 
 652           3744 
 653           3741 
 654           3741 
 655           3741 
 656           3741 
 657           3741 
 658           3741 
 659           3741 
 660           3741 
 661           3741 
 662           3741 
 663           3738 
 664           3738 
 665           3741 
 666           3738 
 667           3738 
 668           3738 
 669           3738 
 670           3738 
 671           3738 
 672           3738 
 673           3738 
 674           3738 
 675           3738 
 676           3735 
 677           3735 
 678           3735 
 679           3735 
 680           3735 
 681           3735 
 682           3735 
 683           3735 
 684           3735 
 685           3735 
 686           3735 
 687           3735 
 688           3735 
 689           3732 
 690           3732 
 691           3732 
 692           3732 
 693           3732 
 694           3732 
 695           3732 
 696           3732 
 697           3729 
 698           3732 
 699           3729 
 700           3732 
 701           3729 
 702           3729 
 703           3729 
 704           3729 
 705           3729 
 706           3729 
 707           3729 
 708           3729 
 709           3729 
 710           3726 
 711           3726 
 712           3729 
 713           3726 
 714           3726 
 715           3726 
 716           3726 
 717           3726 
 718           3726 
 719           3726 
 720           3726 
 721           3726 
 722           3726 
 723           3723 
 724           3723 
 725           3726 
 726           3723 
 727           3723 
 728           3723 
 729           3723 
 730           3723 
 731           3723 
 732           3723 
 733           3723 
 734           3723 
 735           3720 
 736           3723 
 737           3720 
 738           3720 
 739           3720 
 740           3720 
 741           3720 
 742           3720 
 743           3720 
 744           3720 
 745           3720 
 746           3720 
 747           3720 
 748           3717 
 749           3717 
 750           3717 
 751           3717 
 752           3717 
 753           3717 
 754           3717 
 755           3717 
 756           3717 
 757           3717 
 758           3717 
 759           3717 
 760           3717 
 761           3714 
 762           3714 
 763           3714 
 764           3714 
 765           3714 
 766           3714 
 767           3714 
 768           3714 
 769           3714 
 770           3714 
 771           3714 
 772           3714 
 773           3714 
 774           3711 
 775           3711 
 776           3711 
 777           3711 
 778           3711 
 779           3711 
 780           3711 
 781           3711 
 782           3711 
 783           3711 
 784           3711 
 785           3708 
 786           3711 
 787           3711 
 788           3708 
 789           3708 
 790           3708 
 791           3708 
 792           3708 
 793           3708 
 794           3708 
 795           3708 
 796           3708 
 797           3708 
 798           3708 
 799           3708 
 800           3708 
 801           3705 
 802           3705 
 803           3705 
 804           3705 
 805           3705 
 806           3705 
 807           3705 
 808           3705 
 809           3705 
 810           3705 
 811           3705 
 812           3705 
 813           3702 
 814           3705 
 815           3702 
 816           3702 
 817           3702 
 818           3702 
 819           3702 
 820           3702 
 821           3702 
 822           3702 
 823           3702 
 824           3702 
 825           3699 
 826           3702 
 827           3702 
 828           3699 
 829           3699 
 830           3699 
 831           3699 
 832           3699 
 833           3699 
 834           3699 
 835           3699 
 836           3699 
 837           3699 
 838           3696 
 839           3696 
 840           3696 
 841           3696 
 842           3699 
 843           3696 
 844           3696 
 845           3696 
 846           3696 
 847           3696 
 848           3696 
 849           3696 
 850           3696 
 851           3696 
 852           3696 
 853           3696 
 854           3693 
 855           3693 
 856           3693 
 857           3693 
 858           3693 
 859           3693 
 860           3693 
 861           3693 
 862           3693 
 863           3693 
 864           3693 
 865           3693 
 866           3693 
 867           3690 
 868           3690 
 869           3693 
 870           3690 
 871           3690 
 872           3690 
 873           3690 
 874           3690 
 875           3690 
 876           3690 
 877           3690 
 878           3690 
 879           3690 
 880           3690 
 881           3690 
 882           3690 
 883           3690 
 884           3687 
 885           3687 
 886           3687 
 887           3687 
 888           3687 
 889           3687 
 890           3687 
 891           3687 
 892           3687 
 893           3687 
 894           3684 
 895           3684 
 896           3684 
 897           3684 
 898           3684 
 899           3684 
 900           3684 
 901           3684 
 902           3684 
 903           3684 
 904           3684 
 905           3684 
 906           3684 
 907           3684 
 908           3684 
 909           3681 
 910           3681 
 911           3681 
 912           3681 
 913           3681 
 914           3681 
 915           3681 
 916           3681 
 917           3681 
 918           3681 
 919           3681 
 920           3681 
 921           3681 
 922           3681 
 923           3678 
 924           3678 
 925           3678 
 926           3678 
 927           3678 
 928           3678 
 929           3678 
 930           3678 
 931           3678 
 932           3678 
 933           3678 
 934           3678 
 935           3678 
 936           3678 
 937           3678 
 938           3678 
 939           3675 
 940           3675 
 941           3675 
 942           3675 
 943           3675 
 944           3675 
 945           3675 
 946           3675 
 947           3675 
 948           3675 
 949           3675 
 950           3675 
 951           3675 
 952           3675 
 953           3672 
 954           3672 
 955           3672 
 956           3672 
 957           3672 
 958           3672 
 959           3672 
 960           3672 
 961           3672 
 962           3672 
 963           3672 
 964           3672 
 965           3672 
 966           3672 
 967           3669 
 968           3669 
 969           3669 
 970           3669 
 971           3669 
 972           3669 
 973           3669 
 974           3669 
 975           3669 
 976           3669 
 977           3669 
 978           3669 
 979           3666 
 980           3669 
 981           3666 
 982           3666 
 983           3666 
 984           3666 
 985           3666 
 986           3666 
 987           3666 
 988           3666 
 989           3666 
 990           3666 
 991           3666 
 992           3666 
 993           3666 
 994           3666 
 995           3663 
 996           3666 
 997           3666 
 998           3663 
 999           3663 
 1000          3663 
 1001          3663 
 1002          3663 
 1003          3663 
 1004          3663 
 1005          3663 
 1006          3663 
 1007          3663 
 1008          3663 
 1009          3663 
 1010          3663 
 1011          3663 
 1012          3660 
 1013          3660 
 1014          3660 
 1015          3663 
 1016          3660 
 1017          3660 
 1018          3660 
 1019          3660 
 1020          3660 
 1021          3660 
 1022          3660 
 1023          3660 
 1024          3660 
 1025          3660 
 1026          3660 
 1027          3657 
 1028          3657 
 1029          3657 
 1030          3660 
 1031          3657 
 1032          3657 
 1033          3657 
 1034          3657 
 1035          3657 
 1036          3657 
 1037          3657 
 1038          3657 
 1039          3657 
 1040          3657 
 1041          3657 
 1042          3657 
 1043          3657 
 1044          3657 
 1045          3654 
 1046          3654 
 1047          3657 
 1048          3654 
 1049          3654 
 1050          3654 
 1051          3654 
 1052          3654 
 1053          3654 
 1054          3654 
 1055          3654 
 1056          3654 
 1057          3654 
 1058          3654 
 1059          3654 
 1060          3654 
 1061          3654 
 1062          3654 
 1063          3654 
 1064          3654 
 1065          3651 
 1066          3651 
 1067          3651 
 1068          3651 
 1069          3651 
 1070          3651 
 1071          3651 
 1072          3651 
 1073          3651 
 1074          3651 
 1075          3651 
 1076          3651 
 1077          3651 
 1078          3651 
 1079          3651 
 1080          3648 
 1081          3651 
 1082          3651 
 1083          3648 
 1084          3648 
 1085          3648 
 1086          3648 
 1087          3648 
 1088          3648 
 1089          3648 
 1090          3648 
 1091          3648 
 1092          3648 
 1093          3648 
 1094          3648 
 1095          3648 
 1096          3648 
 1097          3648 
 1098          3648 
 1099          3648 
 1100          3648 
 1101          3645 
 1102          3645 
 1103          3645 
 1104          3645 
 1105          3645 
 1106          3645 
 1107          3645 
 1108          3645 
 1109          3645 
 1110          3645 
 1111          3645 
 1112          3645 
 1113          3645 
 1114          3645 
 1115          3645 
 1116          3645 
 1117          3645 
 1118          3645 
 1119          3645 
 1120          3642 
 1121          3642 
 1122          3642 
 1123          3642 
 1124          3642 
 1125          3642 
 1126          3642 
 1127          3642 
 1128          3642 
 1129          3642 
 1130          3642 
 1131          3642 
 1132          3642 
 1133          3639 
 1134          3642 
 1135          3642 
 1136          3642 
 1137          3639 
 1138          3642 
 1139          3639 
 1140          3639 
 1141          3639 
 1142          3639 
 1143          3639 
 1144          3639 
 1145          3639 
 1146          3639 
 1147          3639 
 1148          3639 
 1149          3639 
 1150          3639 
 1151          3639 
 1152          3636 
 1153          3636 
 1154          3636 
 1155          3636 
 1156          3636 
 1157          3636 
 1158          3636 
 1159          3636 
 1160          3636 
 1161          3636 
 1162          3636 
 1163          3636 
 1164          3636 
 1165          3636 
 1166          3636 
 1167          3636 
 1168          3636 
 1169          3633 
 1170          3633 
 1171          3633 
 1172          3633 
 1173          3633 
 1174          3633 
 1175          3633 
 1176          3633 
 1177          3633 
 1178          3633 
 1179          3633 
 1180          3633 
 1181          3633 
 1182          3630 
 1183          3630 
 1184          3630 
 1185          3630 
 1186          3630 
 1187          3630 
 1188          3630 
 1189          3630 
 1190          3630 
 1191          3630 
 1192          3630 
 1193          3630 
 1194          3630 
 1195          3627 
 1196          3627 
 1197          3627 
 1198          3627 
 1199          3627 
 1200          3627 
 1201          3627 
 1202          3627 
 1203          3627 
 1204          3627 
 1205          3627 
 1206          3627 
 1207          3627 
 1208          3627 
 1209          3624 
 1210          3627 
 1211          3624 
 1212          3624 
 1213          3624 
 1214          3624 
 1215          3624 
 1216          3624 
 1217          3624 
 1218          3624 
 1219          3624 
 1220          3624 
 1221          3624 
 1222          3624 
 1223          3624 
 1224          3624 
 1225          3621 
 1226          3624 
 1227          3621 
 1228          3621 
 1229          3621 
 1230          3621 
 1231          3621 
 1232          3621 
 1233          3621 
 1234          3621 
 1235          3621 
 1236          3618 
 1237          3618 
 1238          3621 
 1239          3618 
 1240          3618 
 1241          3618 
 1242          3618 
 1243          3618 
 1244          3618 
 1245          3618 
 1246          3618 
 1247          3618 
 1248          3615 
 1249          3615 
 1250          3615 
 1251          3615 
 1252          3615 
 1253          3615 
 1254          3615 
 1255          3615 
 1256          3615 
 1257          3615 
 1258          3615 
 1259          3612 
 1260          3615 
 1261          3612 
 1262          3612 
 1263          3612 
 1264          3612 
 1265          3612 
 1266          3612 
 1267          3612 
 1268          3612 
 1269          3612 
 1270          3612 
 1271          3609 
 1272          3609 
 1273          3609 
 1274          3609 
 1275          3609 
 1276          3609 
 1277          3609 
 1278          3609 
 1279          3609 
 1280          3609 
 1281          3609 
 1282          3606 
 1283          3606 
 1284          3606 
 1285          3606 
 1286          3606 
 1287          3606 
 1288          3606 
 1289          3606 
 1290          3606 
 1291          3603 
 1292          3603 
 1293          3603 
 1294          3603 
 1295          3603 
 1296          3603 
 1297          3603 
 1298          3603 
 1299          3600 
 1300          3600 
 1301          3600 
 1302          3600 
 1303          3600 
 1304          3600 
 1305          3600 
 1306          3597 
 1307          3600 
 1308          3597 
 1309          3597 
 1310          3597 
 1311          3597 
 1312          3597 
 1313          3597 
 1314          3597 
 1315          3594 
 1316          3594 
 1317          3594 
 1318          3594 
 1319          3594 
 1320          3594 
 1321          3591 
 1322          3591 
 1323          3591 
 1324          3591 
 1325          3591 
 1326          3591 
 1327          3588 
 1328          3588 
 1329          3588 
 1330          3588 
 1331          3585 
 1332          3588 
 1333          3585 
 1334          3585 
 1335          3585 
 1336          3585 
 1337          3585 
 1338          3582 
 1339          3582 
 1340          3582 
 1341          3582 
 1342          3579 
 1343          3579 
 1344          3579 
 1345          3579 
 1346          3579 
 1347          3576 
 1348          3576 
 1349          3576 
 1350          3576 
 1351          3576 
 1352          3576 
 1353          3573 
 1354          3573 
 1355          3573 
 1356          3573 
 1357          3570 
 1358          3570 
 1359          3570 
 1360          3567 
 1361          3567 
 1362          3567 
 1363          3567 
 1364          3567 
 1365          3564 
 1366          3564 
 1367          3564 
 1368          3561 
 1369          3561 
 1370          3561 
 1371          3558 
 1372          3558 
 1373          3558 
 1374          3555 
 1375          3555 
 1376          3555 
 1377          3555 
 1378          3552 
 1379          3552 
 1380          3552 
 1381          3549 
 1382          3549 
 1383          3549 
 1384          3546 
 1385          3546 
 1386          3546 
 1387          3543 
 1388          3543 
 1389          3543 
 1390          3540 
 1391          3540 
 1392          3540 
 1393          3537 
 1394          3537 
 1395          3534 
 1396          3534 
 1397          3534 
 1398          3534 
 1399          3531 
 1400          3531 
 1401          3531 
 1402          3528 
 1403          3528 
 1404          3528 
 1405          3525 
 1406          3525 
 1407          3522 
 1408          3522 
 1409          3522 
 1410          3519 
 1411          3519 
 1412          3516 
 1413          3516 
 1414          3513 
 1415          3513 
 1416          3513 
 1417          3510 
 1418          3510 
 1419          3507 
 1420          3507 
 1421          3504 
 1422          3504 
 1423          3504 
 1424          3501 
 1425          3501 
 1426          3498 
 1427          3498 
 1428          3495 
 1429          3495 
 1430          3492 
 1431          3492 
 1432          3492 
 1433          3489 
 1434          3486 
 1435          3486 
 1436          3483 
 1437          3483 
 1438          3480 
 1439          3480 
 1440          3477 
 1441          3477 
 1442          3474 
 1443          3471 
 1444          3471 
 1445          3471 
 1446          3468 
 1447          3465 
 1448          3465 
 1449          3462 
 1450          3459 
 1451          3459 
 1452          3456 
 1453          3453 
 1454          3453 
 1455          3450 
 1456          3450 
 1457          3447 
 1458          3444 
 1459          3444 
 1460          3441 
 1461          3438 
 1462          3438 
 1463          3435 
 1464          3432 
 1465          3432 
 1466          3429 
 1467          3426 
 1468          3423 
 1469          3420 
 1470          3420 
 1471          3417 
 1472          3414 
 1473          3411 
 1474          3411 
 1475          3408 
 1476          3405 
 1477          3402 
 1478          3399 
 1479          3396 
 1480          3393 
 1481          3393 
 1482          3387 
 1483          3384 
 1484          3384 
 1485          3381 
 1486          3378 
 1487          3375 
 1488          3372 
 1489          3369 
 1490          3366 
 1491          3363 
 1492          3360 
 1493          3357 
 1494          3354 
 1495          3351 
 1496          3345 
 1497          3342 
 1498          3339 
 1499          3336 
 1500          3333 
 1501          3327 
 1502          3324 
 1503          3321 
 1504          3315 
 1505          3312 
 1506          3309 
 1507          3303 
 1508          3300 
 1509          3294 
 1510          3291 
 1511          3288 
 1512          3282 
 1513          3276 
 1514          3270 
 1515          3267 
 1516          3264 
 1517          3258 
 1518          3252 
 1519          3249 
 1520          3243 
 1521          3237 
 1522          3231 
 1523          3225 
 1524          3216 
 1525          3210 
 1526          3204 
 1527          3198 
 1528          3192 
 1529          3183 
 1530          3174 
 1531          3168 
 1532          3159 
 1533          3150 
 1534          3141 
 1535          3132 
 1536          3123 
 1537          3111 
 1538          3102 
 1539          3090 
 1540          3078 
 1541          3063 
 1542          3051 
 1543          3036 
 1544          3018 
 1545          3003 
 1546          2982 
 1547          2964 
 1548          2940 
 1549          2916 
 1550          2892 
 1551          2865 
 1552          2835 
 1553          2802 
 1554          2766 
 1555          2727 
 1556          2685 
 1557          2634 
 1558          2577 
 1559          2733 
 1560          2901 
 1561          2979 
 1562          3024 
 1563          3060 
 1564          3093 
 1565          3123 
 1566          3150 
 1567          3174 
 1568          3195 
 1569          3216 
 1570          3237 
 1571          3255 
 1572          3270 
 1573          3285 
 1574          3297 
 1575          3312 
 1576          3324 
 1577          3336 
 1578          3348 
 1579          3357 
 1580          3369 
 1581          3378 
 1582          3387 
 1583          3396 
 1584          3405 
 1585          3414 
 1586          3423 
 1587          3429 
 1588          3438 
 1589          3444 
 1590          3450 
 1591          3459 
 1592          3465 
 1593          3474 
 1594          3477 
 1595          3486 
 1596          3489 
 1597          3495 
 1598          3501 
 1599          3507 
 1600          3513 
 1601          3519 
 1602          3525 
 1603          3528 
 1604          3534 
 1605          3537 
 1606          3543 
 1607          3549 
 1608          3552 
 1609          3558 
 1610          3564 
 1611          3567 
 1612          3573 
 1613          3576 
 1614          3579 
 1615          3585 
 1616          3588 
 1617          3591 
 1618          3597 
 1619          3600 
 1620          3603 
 1621          3609 
 1622          3612 
 1623          3615 
 1624          3618 
 1625          3621 
 1626          3624 
 1627          3627 
 1628          3633 
 1629          3636 
 1630          3639 
 1631          3642 
 1632          3645 
 1633          3648 
 1634          3648 
 1635          3651 
 1636          3654 
 1637          3657 
 1638          3660 
 1639          3663 
 1640          3666 
 1641          3669 
 1642          3672 
 1643          3675 
 1644          3678 
 1645          3678 
 1646          3681 
 1647          3684 
 1648          3687 
 1649          3690 
 1650          3693 
 1651          3696 
 1652          3696 
 1653          3699 
 1654          3702 
 1655          3702 
 1656          3705 
 1657          3708 
 1658          3711 
 1659          3714 
 1660          3714 
 1661          3717 
 1662          3720 
 1663          3720 
 1664          3723 
 1665          3726 
 1666          3729 
 1667          3729 
 1668          3732 
 1669          3735 
 1670          3735 
 1671          3738 
 1672          3741 
 1673          3741 
 1674          3744 
 1675          3747 
 1676          3747 
 1677          3750 
 1678          3753 
 1679          3753 
 1680          3756 
 1681          3756 
 1682          3756 
 1683          3759 
 1684          3762 
 1685          3762 
 1686          3765 
 1687          3765 
 1688          3765 
 1689          3768 
 1690          3768 
 1691          3771 
 1692          3771 
 1693          3774 
 1694          3774 
 1695          3777 
 1696          3777 
 1697          3777 
 1698          3780 
 1699          3780 
 1700          3780 
 1701          3780 
 1702          3783 
 1703          3783 
 1704          3783 
 1705          3783 
 1706          3786 
 1707          3786 
 1708          3786 
 1709          3786 
 1710          3786 
 1711          3786 
 1712          3789 
 1713          3789 
 1714          3789 
 1715          3789 
 1716          3789 
 1717          3789 
 1718          3789 
 1719          3789 
 1720          3789 
 1721          3789 
 1722          3792 
 1723          3792 
 1724          3792 
 1725          3792 
 1726          3792 
 1727          3792 
 1728          3792 
 1729          3792 
 1730          3792 
 1731          3795 
 1732          3795 
 1733          3795 
 1734          3795 
 1735          3795 
 1736          3795 
 1737          3795 
 1738          3795 
 1739          3795 
 1740          3798 
 1741          3798 
 1742          3798 
 1743          3798 
 1744          3798 
 1745          3798 
 1746          3798 
 1747          3798 
 1748          3798 
 1749          3798 
 1750          3798 
 1751          3801 
 1752          3801 
 1753          3801 
 1754          3801 
 1755          3801 
 1756          3801 
 1757          3801 
 1758          3801 
 1759          3801 
 1760          3801 
 1761          3804 
 1762          3804 
 1763          3804 
 1764          3804 
 1765          3804 
 1766          3804 
 1767          3804 
 1768          3807 
 1769          3807 
 1770          3807 
 1771          3807 
 1772          3807 
 1773          3807 
 1774          3807 
 1775          3807 
 1776          3810 
 1777          3810 
 1778          3810 
 1779          3810 
 1780          3810 
 1781          3810 
 1782          3810 
 1783          3810 
 1784          3810 
 1785          3813 
 1786          3813 
 1787          3813 
 1788          3813 
 1789          3813 
 1790          3813 
 1791          3813 
 1792          3813 
 1793          3816 
 1794          3816 
 1795          3816 
 1796          3816 
 1797          3816 
 1798          3816 
 1799          3819 
 1800          3816 
 1801          3816 
 1802          3819 
 1803          3819 
 1804          3819 
 1805          3819 
 1806          3819 
 1807          3819 
 1808          3819 
 1809          3822 
 1810          3822 
 1811          3822 
 1812          3822 
 1813          3822 
 1814          3822 
 1815          3825 
 1816          3825 
 1817          3825 
 1818          3825 
 1819          3825 
 1820          3825 
 1821          3825 
 1822          3825 
 1823          3825 
 1824          3828 
 1825          3828 
 1826          3828 
 1827          3828 
 1828          3828 
 1829          3828 
 1830          3828 
 1831          3831 
 1832          3831 
 1833          3831 
 1834          3831 
 1835          3831 
 1836          3831 
 1837          3831 
 1838          3831 
 1839          3834 
 1840          3834 
 1841          3834 
 1842          3834 
 1843          3834 
 1844          3834 
 1845          3834 
 1846          3837 
 1847          3837 
 1848          3837 
 1849          3837 
 1850          3837 
 1851          3837 
 1852          3837 
 1853          3837 
 1854          3837 
 1855          3837 
 1856          3840 
 1857          3840 
 1858          3840 
 1859          3840 
 1860          3840 
 1861          3840 
 1862          3840 
 1863          3843 
 1864          3843 
 1865          3843 
 1866          3843 
 1867          3843 
 1868          3843 
 1869          3843 
 1870          3843 
 1871          3843 
 1872          3846 
 1873          3846 
 1874          3846 
 1875          3846 
 1876          3846 
 1877          3846 
 1878          3849 
 1879          3846 
 1880          3849 
 1881          3849 
 1882          3849 
 1883          3849 
 1884          3849 
 1885          3849 
 1886          3849 
 1887          3849 
 1888          3852 
 1889          3852 
 1890          3852 
 1891          3852 
 1892          3852 
 1893          3852 
 1894          3852 
 1895          3852 
 1896          3855 
 1897          3855 
 1898          3855 
 1899          3855 
 1900          3855 
 1901          3855 
 1902          3855 
 1903          3855 
 1904          3855 
 1905          3855 
 1906          3858 
 1907          3858 
 1908          3858 
 1909          3858 
 1910          3858 
 1911          3858 
 1912          3858 
 1913          3861 
 1914          3861 
 1915          3858 
 1916          3861 
 1917          3861 
 1918          3861 
 1919          3861 
 1920          3861 
 1921          3861 
 1922          3861 
 1923          3861 
 1924          3864 
 1925          3864 
 1926          3864 
 1927          3864 
 1928          3864 
 1929          3864 
 1930          3864 
 1931          3864 
 1932          3867 
 1933          3867 
 1934          3867 
 1935          3867 
 1936          3867 
 1937          3867 
 1938          3867 
 1939          3867 
 1940          3867 
 1941          3870 
 1942          3870 
 1943          3870 
 1944          3870 
 1945          3870 
 1946          3870 
 1947          3870 
 1948          3870 
 1949          3870 
 1950          3873 
 1951          3870 
 1952          3873 
 1953          3873 
 1954          3873 
 1955          3873 
 1956          3873 
 1957          3873 
 1958          3873 
 1959          3873 
 1960          3876 
 1961          3876 
 1962          3876 
 1963          3876 
 1964          3876 
 1965          3876 
 1966          3876 
 1967          3876 
 1968          3876 
 1969          3876 
 1970          3876 
 1971          3879 
 1972          3879 
 1973          3879 
 1974          3879 
 1975          3879 
 1976          3879 
 1977          3879 
 1978          3879 
 1979          3879 
 1980          3879 
 1981          3879 
 1982          3879 
 1983          3879 
 1984          3879 
 1985          3882 
 1986          3882 
 1987          3882 
 1988          3882 
 1989          3882 
 1990          3882 
 1991          3882 
 1992          3882 
 1993          3882 
 1994          3882 
 1995          3882 
 1996          3885 
 1997          3885 
 1998          3885 
 1999          3885 
 2000          3885 
 2001          3885 
 2002          3885 
 2003          3885 
 2004          3885 
 2005          3885 
 2006          3888 
 2007          3888 
 2008          3885 
 2009          3888 
 2010          3888 
 2011          3888 
 2012          3888 
 2013          3888 
 2014          3888 
 2015          3888 
 2016          3888 
 2017          3888 
 2018          3888 
 2019          3888 
 2020          3888 
 2021          3891 
 2022          3891 
 2023          3891 
 2024          3891 
 2025          3891 
 2026          3891 
 2027          3891 
 2028          3891 
 2029          3891 
 2030          3891 
 2031          3891 
 2032          3891 
 2033          3891 
 2034          3891 
 2035          3891 
 2036          3891 
 2037          3894 
 2038          3894 
 2039          3891 
 2040          3891 
 2041          3891 
 2042          3894 
 2043          3894 
 2044          3894 
 2045          3894 
 2046          3894 
 2047          3894 
 2048          3894 
 2049          3894 
 2050          3894 
 2051          3894 
 2052          3894 
 2053          3894 
 2054          3897 
 2055          3894 
 2056          3894 
 2057          3897 
 2058          3894 
 2059          3897 
 2060          3897 
 2061          3897 
 2062          3897 
 2063          3897 
 2064          3897 
 2065          3897 
 2066          3897 
 2067          3897 
 2068          3897 
 2069          3897 
 2070          3897 
 2071          3897 
 2072          3897 
 2073          3897 
 2074          3897 
 2075          3900 
 2076          3897 
 2077          3897 
 2078          3900 
 2079          3900 
 2080          3900 
 2081          3900 
 2082          3900 
 2083          3900 
 2084          3900 
 2085          3900 
 2086          3900 
 2087          3900 
 2088          3900 
 2089          3900 
 2090          3900 
 2091          3900 
 2092          3900 
 2093          3900 
 2094          3900 
 2095          3900 
 2096          3900 
 2097          3903 
 2098          3903 
 2099          3900 
 2100          3903 
 2101          3903 
 2102          3903 
 2103          3903 
 2104          3903 
 2105          3903 
 2106          3903 
 2107          3903 
 2108          3903 
 2109          3903 
 2110          3903 
 2111          3903 
 2112          3903 
 2113          3903 
 2114          3903 
 2115          3903 
 2116          3903 
 2117          3903 
 2118          3903 
 2119          3906 
 2120          3903 
 2121          3906 
 2122          3906 
 2123          3906 
 2124          3906 
 2125          3906 
 2126          3906 
 2127          3906 
 2128          3906 
 2129          3906 
 2130          3906 
 2131          3906 
 2132          3906 
 2133          3906 
 2134          3906 
 2135          3906 
 2136          3906 
 2137          3906 
 2138          3906 
 2139          3906 
 2140          3906 
 2141          3906 
 2142          3906 
 2143          3906 
 2144          3909 
 2145          3909 
 2146          3909 
 2147          3909 
 2148          3909 
 2149          3909 
 2150          3909 
 2151          3909 
 2152          3909 
 2153          3909 
 2154          3909 
 2155          3909 
 2156          3909 
 2157          3909 
 2158          3909 
 2159          3909 
 2160          3909 
 2161          3909 
 2162          3909 
 2163          3909 
 2164          3912 
 2165          3909 
 2166          3912 
 2167          3912 
 2168          3912 
 2169          3912 
 2170          3912 
 2171          3912 
 2172          3912 
 2173          3912 
 2174          3912 
 2175          3912 
 2176          3912 
 2177          3912 
 2178          3912 
 2179          3912 
 2180          3912 
 2181          3912 
 2182          3912 
 2183          3912 
 2184          3912 
 2185          3912 
 2186          3912 
 2187          3915 
 2188          3915 
 2189          3915 
 2190          3915 
 2191          3915 
 2192          3915 
 2193          3915 
 2194          3915 
 2195          3915 
 2196          3915 
 2197          3915 
 2198          3915 
 2199          3915 
 2200          3915 
 2201          3915 
 2202          3915 
 2203          3915 
 2204          3915 
 2205          3915 
 2206          3915 
 2207          3918 
 2208          3915 
 2209          3918 
 2210          3918 
 2211          3918 
 2212          3918 
 2213          3918 
 2214          3918 
 2215          3918 
 2216          3918 
 2217          3918 
 2218          3918 
 2219          3918 
 2220          3918 
 2221          3918 
 2222          3918 
 2223          3918 
 2224          3918 
 2225          3918 
 2226          3918 
 2227          3918 
 2228          3921 
 2229          3918 
 2230          3921 
 2231          3918 
 2232          3921 
 2233          3921 
 2234          3921 
 2235          3921 
 2236          3921 
 2237          3921 
 2238          3921 
 2239          3921 
 2240          3921 
 2241          3921 
 2242          3921 
 2243          3921 
 2244          3921 
 2245          3924 
 2246          3924 
 2247          3921 
 2248          3924 
 2249          3921 
 2250          3924 
 2251          3924 
 2252          3924 
 2253          3924 
 2254          3924 
 2255          3924 
 2256          3924 
 2257          3924 
 2258          3924 
 2259          3924 
 2260          3924 
 2261          3924 
 2262          3924 
 2263          3924 
 2264          3927 
 2265          3927 
 2266          3927 
 2267          3927 
 2268          3927 
 2269          3927 
 2270          3927 
 2271          3927 
 2272          3927 
 2273          3927 
 2274          3927 
 2275          3927 
 2276          3927 
 2277          3927 
 2278          3927 
 2279          3927 
 2280          3930 
 2281          3930 
 2282          3930 
 2283          3930 
 2284          3930 
 2285          3930 
 2286          3930 
 2287          3930 
 2288          3930 
 2289          3930 
 2290          3930 
 2291          3930 
 2292          3930 
 2293          3930 
 2294          3930 
 2295          3930 
 2296          3933 
 2297          3933 
 2298          3933 
 2299          3933 
 2300          3933 
 2301          3933 
 2302          3933 
 2303          3933 
 2304          3933 
 2305          3933 
 2306          3933 
 2307          3933 
 2308          3933 
 2309          3933 
 2310          3936 
 2311          3933 
 2312          3936 
 2313          3936 
 2314          3936 
 2315          3936 
 2316          3936 
 2317          3936 
 2318          3936 
 2319          3936 
 2320          3936 
 2321          3936 
 2322          3936 
 2323          3936 
 2324          3936 
 2325          3939 
 2326          3936 
 2327          3939 
 2328          3939 
 2329          3939 
 2330          3939 
 2331          3939 
 2332          3939 
 2333          3939 
 2334          3939 
 2335          3939 
 2336          3939 
 2337          3939 
 2338          3939 
 2339          3942 
 2340          3942 
 2341          3942 
 2342          3942 
 2343          3942 
 2344          3942 
 2345          3942 
 2346          3942 
 2347          3942 
 2348          3942 
 2349          3945 
 2350          3942 
 2351          3942 
 2352          3945 
 2353          3945 
 2354          3945 
 2355          3945 
 2356          3945 
 2357          3945 
 2358          3945 
 2359          3945 
 2360          3945 
 2361          3945 
 2362          3945 
 2363          3945 
 2364          3948 
 2365          3948 
 2366          3945 
 2367          3948 
 2368          3948 
 2369          3948 
 2370          3948 
 2371          3948 
 2372          3948 
 2373          3948 
 2374          3948 
 2375          3948 
 2376          3951 
 2377          3948 
 2378          3951 
 2379          3951 
 2380          3951 
 2381          3951 
 2382          3951 
 2383          3951 
 2384          3951 
 2385          3951 
 2386          3951 
 2387          3951 
 2388          3951 
 2389          3951 
 2390          3954 
 2391          3954 
 2392          3954 
 2393          3954 
 2394          3954 
 2395          3954 
 2396          3954 
 2397          3954 
 2398          3954 
 2399          3954 
 2400          3954 
 2401          3954 
 2402          3957 
 2403          3957 
 2404          3957 
 2405          3957 
 2406          3957 
 2407          3957 
 2408          3957 
 2409          3957 
 2410          3957 
 2411          3957 
 2412          3957 
 2413          3957 
 2414          3960 
 2415          3960 
 2416          3960 
 2417          3960 
 2418          3960 
 2419          3960 
 2420          3960 
 2421          3960 
 2422          3960 
 2423          3960 
 2424          3960 
 2425          3963 
 2426          3960 
 2427          3963 
 2428          3963 
 2429          3963 
 2430          3963 
 2431          3963 
 2432          3963 
 2433          3963 
 2434          3963 
 2435          3963 
 2436          3966 
 2437          3966 
 2438          3966 
 2439          3966 
 2440          3966 
 2441          3966 
 2442          3966 
 2443          3966 
 2444          3966 
 2445          3966 
 2446          3966 
 2447          3966 
 2448          3969 
 2449          3969 
 2450          3969 
 2451          3969 
 2452          3969 
 2453          3969 
 2454          3969 
 2455          3969 
 2456          3969 
 2457          3969 
 2458          3969 
 2459          3969 
 2460          3972 
 2461          3972 
 2462          3972 
 2463          3972 
 2464          3972 
 2465          3972 
 2466          3972 
 2467          3972 
 2468          3975 
 2469          3972 
 2470          3975 
 2471          3975 
 2472          3972 
 2473          3975 
 2474          3975 
 2475          3975 
 2476          3975 
 2477          3975 
 2478          3975 
 2479          3975 
 2480          3975 
 2481          3978 
 2482          3978 
 2483          3978 
 2484          3978 
 2485          3978 
 2486          3978 
 2487          3978 
 2488          3978 
 2489          3978 
 2490          3981 
 2491          3981 
 2492          3981 
 2493          3981 
 2494          3981 
 2495          3981 
 2496          3981 
 2497          3981 
 2498          3981 
 2499          3981 
 2500          3981 
 2501          3984 
 2502          3984 
 2503          3984 
 2504          3984 
 2505          3984 
 2506          3984 
 2507          3984 
 2508          3984 
 2509          3984 
 2510          3984 
 2511          3984 
 2512          3987 
 2513          3984 
 2514          3987 
 2515          3987 
 2516          3987 
 2517          3987 
 2518          3987 
 2519          3987 
 2520          3987 
 2521          3987 
 2522          3987 
 2523          3990 
 2524          3990 
 2525          3990 
 2526          3990 
 2527          3990 
 2528          3990 
 2529          3990 
 2530          3990 
 2531          3990 
 2532          3990 
 2533          3993 
 2534          3993 
 2535          3993 
 2536          3993 
 2537          3993 
 2538          3993 
 2539          3993 
 2540          3993 
 2541          3993 
 2542          3993 
 2543          3996 
 2544          3996 
 2545          3996 
 2546          3996 
 2547          3996 
 2548          3996 
 2549          3996 
 2550          3996 
 2551          3996 
 2552          3999 
 2553          3999 
 2554          3999 
 2555          3999 
 2556          3999 
 2557          3999 
 2558          3999 
 2559          3999 
 2560          3999 
 2561          3999 
 2562          4002 
 2563          4002 
 2564          4002 
 2565          4002 
 2566          4002 
 2567          4002 
 2568          4002 
 2569          4002 
 2570          4002 
 2571          4005 
 2572          4005 
 2573          4005 
 2574          4005 
 2575          4005 
 2576          4005 
 2577          4005 
 2578          4005 
 2579          4005 
 2580          4005 
 2581          4008 
 2582          4008 
 2583          4008 
 2584          4008 
 2585          4008 
 2586          4008 
 2587          4008 
 2588          4008 
 2589          4008 
 2590          4008 
 2591          4011 
 2592          4011 
 2593          4011 
 2594          4011 
 2595          4011 
 2596          4011 
 2597          4011 
 2598          4011 
 2599          4014 
 2600          4014 
 2601          4014 
 2602          4014 
 2603          4014 
 2604          4014 
 2605          4014 
 2606          4014 
 2607          4014 
 2608          4014 
 2609          4014 
 2610          4017 
 2611          4017 
 2612          4017 
 2613          4017 
 2614          4017 
 2615          4017 
 2616          4017 
 2617          4017 
 2618          4020 
 2619          4020 
 2620          4020 
 2621          4020 
 2622          4020 
 2623          4020 
 2624          4020 
 2625          4020 
 2626          4020 
 2627          4020 
 2628          4023 
 2629          4023 
 2630          4023 
 2631          4023 
 2632          4023 
 2633          4023 
 2634          4023 
 2635          4023 
 2636          4023 
 2637          4023 
 2638          4026 
 2639          4026 
 2640          4026 
 2641          4026 
 2642          4026 
 2643          4026 
 2644          4026 
 2645          4026 
 2646          4026 
 2647          4029 
 2648          4026 
 2649          4029 
 2650          4029 
 2651          4029 
 2652          4029 
 2653          4029 
 2654          4029 
 2655          4029 
 2656          4029 
 2657          4029 
 2658          4032 
 2659          4032 
 2660          4032 
 2661          4032 
 2662          4032 
 2663          4032 
 2664          4032 
 2665          4032 
 2666          4032 
 2667          4032 
 2668          4032 
 2669          4035 
 2670          4035 
 2671          4035 
 2672          4035 
 2673          4035 
 2674          4035 
 2675          4035 
 2676          4035 
 2677          4035 
 2678          4038 
 2679          4035 
 2680          4038 
 2681          4038 
 2682          4038 
 2683          4038 
 2684          4038 
 2685          4038 
 2686          4038 
 2687          4038 
 2688          4041 
 2689          4038 
 2690          4041 
 2691          4041 
 2692          4041 
 2693          4041 
 2694          4041 
 2695          4041 
 2696          4041 
 2697          4041 
 2698          4044 
 2699          4044 
 2700          4044 
 2701          4044 
 2702          4044 
 2703          4044 
 2704          4044 
 2705          4047 
 2706          4047 
 2707          4047 
 2708          4047 
 2709          4047 
 2710          4047 
 2711          4047 
 2712          4047 
 2713          4047 
 2714          4047 
 2715          4050 
 2716          4050 
 2717          4050 
 2718          4050 
 2719          4050 
 2720          4050 
 2721          4050 
 2722          4050 
 2723          4050 
 2724          4053 
 2725          4053 
 2726          4053 
 2727          4053 
 2728          4053 
 2729          4053 
 2730          4053 
 2731          4053 
 2732          4053 
 2733          4056 
 2734          4056 
 2735          4056 
 2736          4056 
 2737          4056 
 2738          4056 
 2739          4056 
 2740          4059 
 2741          4059 
 2742          4059 
 2743          4059 
 2744          4059 
 2745          4059 
 2746          4059 
 2747          4059 
 2748          4059 
 2749          4062 
 2750          4062 
 2751          4062 
 2752          4062 
 2753          4062 
 2754          4062 
 2755          4062 
 2756          4062 
 2757          4062 
 2758          4062 
 2759          4065 
 2760          4065 
 2761          4065 
 2762          4065 
 2763          4065 
 2764          4065 
 2765          4065 
 2766          4065 
 2767          4065 
 2768          4068 
 2769          4068 
 2770          4068 
 2771          4068 
 2772          4068 
 2773          4068 
 2774          4068 
 2775          4068 
 2776          4068 
 2777          4071 
 2778          4071 
 2779          4071 
 2780          4071 
 2781          4071 
 2782          4071 
 2783          4071 
 2784          4071 
 2785          4071 
 2786          4074 
 2787          4074 
 2788          4074 
 2789          4074 
 2790          4074 
 2791          4074 
 2792          4074 
 2793          4074 
 2794          4074 
 2795          4074 
 2796          4077 
 2797          4077 
 2798          4077 
 2799          4077 
 2800          4077 
 2801          4077 
 2802          4077 
 2803          4080 
 2804          4077 
 2805          4080 
 2806          4080 
 2807          4080 
 2808          4080 
 2809          4080 
 2810          4080 
 2811          4080 
 2812          4080 
 2813          4083 
 2814          4083 
 2815          4083 
 2816          4083 
 2817          4083 
 2818          4083 
 2819          4083 
 2820          4083 
 2821          4083 
 2822          4086 
 2823          4086 
 2824          4086 
 2825          4086 
 2826          4086 
 2827          4086 
 2828          4086 
 2829          4089 
 2830          4089 
 2831          4089 
 2832          4089 
 2833          4089 
 2834          4089 
 2835          4089 
 2836          4089 
 2837          4092 
 2838          4092 
 2839          4092 
 2840          4092 
 2841          4092 
 2842          4092 
 2843          4092 
 2844          4092 
 2845          4092 
 2846          4092 
 2847          4095 
 2848          4095 
 2849          4095 
 2850          4095 
 2851          4095 
 2852          4095 
 2853          4095 
 2854          4098 
 2855          4098 
 2856          4098 
 2857          4098 
 2858          4098 
 2859          4098 
 2860          4098 
 2861          4101 
 2862          4101 
 2863          4101 
 2864          4101 
 2865          4101 
 2866          4101 
 2867          4101 
 2868          4104 
 2869          4104 
 2870          4104 
 2871          4104 
 2872          4104 
 2873          4104 
 2874          4104 
 2875          4107 
 2876          4107 
 2877          4107 
 2878          4107 
 2879          4107 
 2880          4107 
 2881          4110 
 2882          4110 
 2883          4110 
 2884          4110 
 2885          4110 
 2886          4110 
 2887          4113 
 2888          4113 
 2889          4113 
 2890          4113 
 2891          4113 
 2892          4113 
 2893          4116 
 2894          4116 
 2895          4116 
 2896          4116 
 2897          4116 
 2898          4119 
 2899          4119 
 2900          4119 
 2901          4119 
 2902          4119 
 2903          4122 
 2904          4122 
 2905          4122 
 2906          4122 
 2907          4122 
 2908          4122 
 2909          4125 
 2910          4125 
 2911          4125 
 2912          4125 
 2913          4125 
 2914          4128 
 2915          4128 
 2916          4128 
 2917          4128 
 2918          4128 
 2919          4128 
 2920          4131 
 2921          4131 
 2922          4131 
 2923          4131 
 2924          4134 
 2925          4134 
 2926          4134 
 2927          4134 
 2928          4134 
 2929          4137 
 2930          4137 
 2931          4137 
 2932          4137 
 2933          4137 
 2934          4137 
 2935          4140 
 2936          4140 
 2937          4140 
 2938          4140 
 2939          4143 
 2940          4143 
 2941          4143 
 2942          4143 
 2943          4143 
 2944          4146 
 2945          4146 
 2946          4146 
 2947          4146 
 2948          4146 
 2949          4146 
 2950          4149 
 2951          4149 
 2952          4149 
 2953          4149 
 2954          4152 
 2955          4152 
 2956          4152 
 2957          4152 
 2958          4155 
 2959          4155 
 2960          4155 
 2961          4155 
 2962          4155 
 2963          4155 
 2964          4158 
 2965          4158 
 2966          4158 
 2967          4158 
 2968          4161 
 2969          4161 
 2970          4161 
 2971          4161 
 2972          4164 
 2973          4164 
 2974          4164 
 2975          4164 
 2976          4164 
 2977          4164 
 2978          4167 
 2979          4167 
 2980          4167 
 2981          4167 
 2982          4170 
 2983          4170 
 2984          4170 
 2985          4170 
 2986          4170 
 2987          4173 
 2988          4173 
 2989          4173 
 2990          4173 
 2991          4173 
 2992          4176 
 2993          4176 
 2994          4176 
 2995          4176 
 2996          4176 
 2997          4176 
 2998          4176 
 2999          4179 
 3000          4179 
 3001          4179 
 3002          4179 
 3003          4182 
 3004          4182 
 3005          4182 
 3006          4182 
 3007          4182 
 3008          4182 
 3009          4185 
 3010          4185 
 3011          4185 
 3012          4185 
 3013          4185 
 3014          4188 
 3015          4188 
 3016          4188 
 3017          4188 
 3018          4188 
 3019          4188 
 3020          4188 
 3021          4191 
 3022          4191 
 3023          4191 
 3024          4191 
 3025          4191 
 3026          4194 
 3027          4194 
 3028          4194 
 3029          4194 
 3030          4194 
 3031          4197 
 3032          4197 
 3033          4197 
 3034          4197 
 3035          4197 
 3036          4197 
 3037          4200 
 3038          4200 
 3039          4200 
 3040          4200 
 3041          4200 
 3042          4200 
 3043          4203 
